[gd_scene load_steps=9 format=2]

[ext_resource path="res://scenes/Steve.tscn" type="PackedScene" id=1]
[ext_resource path="res://scripts/Steve.gd" type="Script" id=2]
[ext_resource path="res://assets/level_env.tres" type="Environment" id=3]


[sub_resource type="BoxShape" id=1]
extents = Vector3( 24, 1, 24 )

[sub_resource type="SpatialMaterial" id=2]
albedo_color = Color( 0.74902, 0.74902, 1, 1 )

[sub_resource type="CubeMesh" id=3]
material = SubResource( 2 )
size = Vector3( 48, 2, 48 )

[sub_resource type="BoxShape" id=4]

[sub_resource type="CubeMesh" id=5]

[node name="Level" type="Spatial"]

[node name="Floor" type="StaticBody" parent="."]
transform = Transform( 1, 0, 0, 0, 1, 0, 0, 0, 1, 0, -1, 0 )
__meta__ = {
"_edit_group_": true
}

[node name="CollisionShape" type="CollisionShape" parent="Floor"]
shape = SubResource( 1 )

[node name="MeshInstance" type="MeshInstance" parent="Floor"]
mesh = SubResource( 3 )
material/0 = null

[node name="Steve" parent="." instance=ExtResource( 1 )]
transform = Transform( 1, 0, 0, 0, 1, 0, 0, 0, 1, 0, 1, 0 )
script = ExtResource( 2 )
max_speed = 16

[node name="CameraTarget" type="Spatial" parent="Steve"]
transform = Transform( 1, 0, 0, 0, 0.965926, 0.258819, 0, -0.258819, 0.965926, 0, 5, 16 )

[node name="InterpolatedCamera" type="InterpolatedCamera" parent="."]
transform = Transform( 1, 0, 0, 0, 0.866025, 0.5, 0, -0.5, 0.866025, 0, 32, 64 )
environment = ExtResource( 3 )
target = NodePath("../Steve/CameraTarget")
enabled = true

[node name="DirectionalLight" type="DirectionalLight" parent="."]
transform = Transform( 0.707107, 0.5, -0.5, 0, 0.707107, 0.707107, 0.707107, -0.5, 0.5, 0, 32, 0 )
shadow_enabled = true

[node name="Box1" type="RigidBody" parent="."]
transform = Transform( 0.707107, -0.707107, 0, 0.5, 0.5, -0.707107, 0.5, 0.5, 0.707107, -16, 8, -16 )
__meta__ = {
"_edit_group_": true
}

[node name="CollisionShape" type="CollisionShape" parent="Box1"]
shape = SubResource( 4 )

[node name="MeshInstance" type="MeshInstance" parent="Box1"]
mesh = SubResource( 5 )
material/0 = null

[node name="Box2" type="RigidBody" parent="."]
transform = Transform( 0.707107, -0.707107, -8.9407e-08, -0.353553, -0.353553, -0.866025, 0.612372, 0.612372, -0.5, -16, 16, -16 )
__meta__ = {
"_edit_group_": true
}

[node name="CollisionShape" type="CollisionShape" parent="Box2"]
shape = SubResource( 4 )

[node name="MeshInstance" type="MeshInstance" parent="Box2"]
mesh = SubResource( 5 )
material/0 = null

[node name="Box3" type="RigidBody" parent="."]
transform = Transform( 0.612372, -0.612372, 0.5, 0.707107, 0.707107, 0, -0.353553, 0.353553, 0.866025, -16, 32, -16 )
__meta__ = {
"_edit_group_": true
}

[node name="CollisionShape" type="CollisionShape" parent="Box3"]
shape = SubResource( 4 )

[node name="MeshInstance" type="MeshInstance" parent="Box3"]
mesh = SubResource( 5 )
material/0 = null
